Riku
8478402
8478427
8480012
8471675
8479339
8476455
8478445
8470638
8475744
8477330
8478495
8476458
8474600
8480839
8477447
8476853
8471735
8476874
Eetu
8477492
8479318
8478010
8480830
8479314
8477404
8475791
8475166
8478439
8482109
8473563
8477956
8475167
8476462
8480800
8479410
8470613
8474578
Joona
8477934
8476456
8476459
8478483
8476882
8471685
8471218
8474884
8474157
8475191
8471276
8475193
8474590
8474565
8470600
8479976
8473507
8479323
Janne
8478550
8478398
8471214
8471215
8476468
8475913
8476454
8477939
8476461
8476887
8477444
8481554
8480036
8477950
8476792
8471724
8480145
8475222
Arttu
8478403
8474141
8478420
8477493
8474564
8476460
8475158
8476346
8477942
8473419
8480801
8477500
8480069
8478460
8475197
8477495
8475906
8479325